granuleId,packageId,date,members,role,chamber,congress,bioGuideId,memberName,state,party,name__authority-lnf,name__parsed,name__authority-fnf,name__authority-other
CREC-2016-05-24-pt1-PgH2965-2,CREC-2016-05-24,2016-05-24,,,,,,,,,,,,
CREC-2016-05-24-pt1-PgH2965,CREC-2016-05-24,2016-05-24,,,,,,,,,,,,
CREC-2016-05-24-pt1-PgH-FrontMatter-3,CREC-2016-05-24,2016-05-24,,,,,,,,,,,,
CREC-2016-05-24-pt1-PgH2965-3,CREC-2016-05-24,2016-05-24,,SPEAKING,H,114,T000467,"Thompson, Glenn",PA,R,"Thompson, Glenn",Mr. THOMPSON of Pennsylvania,Glenn Thompson,
CREC-2016-05-24-pt1-PgH2966,CREC-2016-05-24,2016-05-24,,SPEAKING,H,114,J000255,"Jones, Walter B., Jr.",NC,R,"Jones, Walter B., Jr.",Mr. JONES,Walter B. Jones,Walter Jones
CREC-2016-05-24-pt1-PgH2965-4,CREC-2016-05-24,2016-05-24,,SPEAKING,H,114,Q000023,"Quigley, Mike",IL,D,"Quigley, Mike",Mr. QUIGLEY,Mike Quigley,
CREC-2016-05-24-pt1-PgH2966-2,CREC-2016-05-24,2016-05-24,,SPEAKING,H,114,M000312,"McGovern, James P.",MA,D,"McGovern, James P.",Mr. McGOVERN,James P. McGovern,James McGovern
CREC-2016-05-24-pt1-PgH2967,CREC-2016-05-24,2016-05-24,,SPEAKING,H,114,R000435,"Ros-Lehtinen, Ileana",FL,R,"Ros-Lehtinen, Ileana",Ms. ROS-LEHTINEN,Ileana Ros-Lehtinen,
CREC-2016-05-24-pt1-PgH2968,CREC-2016-05-24,2016-05-24,,SPEAKING,H,114,C001080,"Chu, Judy",CA,D,"Chu, Judy",Ms. JUDY CHU of California,Judy Chu,
CREC-2016-05-24-pt1-PgH2968-2,CREC-2016-05-24,2016-05-24,,SPEAKING,H,114,D000612,"Denham, Jeff",CA,R,"Denham, Jeff",Mr. DENHAM,Jeff Denham,
CREC-2016-05-24-pt1-PgH2969,CREC-2016-05-24,2016-05-24,,SPEAKING,H,114,C001068,"Cohen, Steve",TN,D,"Cohen, Steve",Mr. COHEN,Steve Cohen,
CREC-2016-05-24-pt1-PgH2969-2,CREC-2016-05-24,2016-05-24,,SPEAKING,H,114,W000812,"Wagner, Ann",MO,R,"Wagner, Ann",Mrs. WAGNER,Ann Wagner,
CREC-2016-05-24-pt1-PgH2969-3,CREC-2016-05-24,2016-05-24,,SPEAKING,H,114,D000191,"DeFazio, Peter A.",OR,D,"DeFazio, Peter A.",Mr. DeFAZIO,Peter A. DeFazio,Peter DeFazio
CREC-2016-05-24-pt1-PgH2970,CREC-2016-05-24,2016-05-24,,SPEAKING,H,114,B001289,"Byrne, Bradley",AL,R,"Byrne, Bradley",Mr. BYRNE,Bradley Byrne,
CREC-2016-05-24-pt1-PgH2971,CREC-2016-05-24,2016-05-24,,SPEAKING,H,114,B001293,"Bishop, Mike",MI,R,"Bishop, Mike",Mr. BISHOP of Michigan,Mike Bishop,
CREC-2016-05-24-pt1-PgH2971-2,CREC-2016-05-24,2016-05-24,,,,,,,,,,,,
CREC-2016-05-24-pt1-PgH2971-3,CREC-2016-05-24,2016-05-24,,,,,,,,,,,,
CREC-2016-05-24-pt1-PgH2971-4,CREC-2016-05-24,2016-05-24,,,,,,,,,,,,
CREC-2016-05-24-pt1-PgH2971-6,CREC-2016-05-24,2016-05-24,,,,,,,,,,,,
CREC-2016-05-24-pt1-PgH2971-5,CREC-2016-05-24,2016-05-24,,,,,,,,,,,,
CREC-2016-05-24-pt1-PgH2971-7,CREC-2016-05-24,2016-05-24,,,,,,,,,,,,
CREC-2016-05-24-pt1-PgH2971-8,CREC-2016-05-24,2016-05-24,,SPEAKING,H,114,W000795,"Wilson, Joe",SC,R,"Wilson, Joe",Mr. WILSON of South Carolina,Joe Wilson,
CREC-2016-05-24-pt1-PgH2972,CREC-2016-05-24,2016-05-24,,SPEAKING,H,114,M001160,"Moore, Gwen",WI,D,"Moore, Gwen",Ms. MOORE,Gwen Moore,
CREC-2016-05-24-pt1-PgH2972-2,CREC-2016-05-24,2016-05-24,,SPEAKING,H,114,J000174,"Johnson, Sam",TX,R,"Johnson, Sam",Mr. SAM JOHNSON of Texas,Sam Johnson,
CREC-2016-05-24-pt1-PgH2972-3,CREC-2016-05-24,2016-05-24,,SPEAKING,H,114,C001061,"Cleaver, Emanuel",MO,D,"Cleaver, Emanuel",Mr. CLEAVER,Emanuel Cleaver,
CREC-2016-05-24-pt1-PgH2972-5,CREC-2016-05-24,2016-05-24,,SPEAKING,H,114,K000382,"Kuster, Ann M.",NH,D,"Kuster, Ann M.",Ms. KUSTER,Ann M. Kuster,Ann Kuster
CREC-2016-05-24-pt1-PgH2972-4,CREC-2016-05-24,2016-05-24,,SPEAKING,H,114,Z000017,"Zeldin, Lee M.",NY,R,"Zeldin, Lee M.",Mr. ZELDIN,Lee M. Zeldin,Lee Zeldin
CREC-2016-05-24-pt1-PgH2972-6,CREC-2016-05-24,2016-05-24,,SPEAKING,H,114,R000435,"Ros-Lehtinen, Ileana",FL,R,"Ros-Lehtinen, Ileana",Ms. ROS-LEHTINEN,Ileana Ros-Lehtinen,
CREC-2016-05-24-pt1-PgH2973,CREC-2016-05-24,2016-05-24,,SPEAKING,H,114,K000380,"Kildee, Daniel T.",MI,D,"Kildee, Daniel T.",Mr. KILDEE,Daniel T. Kildee,Daniel Kildee
CREC-2016-05-24-pt1-PgH2973-2,CREC-2016-05-24,2016-05-24,,SPEAKING,H,114,R000598,"Rothfus, Keith J.",PA,R,"Rothfus, Keith J.",Mr. ROTHFUS,Keith J. Rothfus,Keith Rothfus
CREC-2016-05-24-pt1-PgH2973-3,CREC-2016-05-24,2016-05-24,,SPEAKING,H,114,T000468,"Titus, Dina",NV,D,"Titus, Dina",Ms. TITUS,Dina Titus,
CREC-2016-05-24-pt1-PgH2973-4,CREC-2016-05-24,2016-05-24,,SPEAKING,H,114,P000605,"Perry, Scott",PA,R,"Perry, Scott",Mr. PERRY,Scott Perry,
CREC-2016-05-24-pt1-PgH2973-5,CREC-2016-05-24,2016-05-24,,SPEAKING,H,114,H001063,"Hahn, Janice",CA,D,"Hahn, Janice",Ms. HAHN,Janice Hahn,
CREC-2016-05-24-pt1-PgH2973-6,CREC-2016-05-24,2016-05-24,,SPEAKING,H,114,S000583,"Smith, Lamar",TX,R,"Smith, Lamar",Mr. SMITH of Texas,Lamar Smith,
CREC-2016-05-24-pt1-PgH2974-2,CREC-2016-05-24,2016-05-24,,SPEAKING,H,114,D000613,"Dold, Robert J.",IL,R,"Dold, Robert J.",Mr. DOLD,Robert J. Dold,Robert Dold
CREC-2016-05-24-pt1-PgH2974,CREC-2016-05-24,2016-05-24,,SPEAKING,H,114,P000598,"Polis, Jared",CO,D,"Polis, Jared",Mr. POLIS,Jared Polis,
CREC-2016-05-24-pt1-PgH2974-3,CREC-2016-05-24,2016-05-24,,SPEAKING,H,114,R000577,"Ryan, Tim",OH,D,"Ryan, Tim",Mr. RYAN of Ohio,Tim Ryan,
CREC-2016-05-24-pt1-PgH2974-4,CREC-2016-05-24,2016-05-24,,SPEAKING,H,114,M001158,"Marchant, Kenny",TX,R,"Marchant, Kenny",Mr. MARCHANT,Kenny Marchant,
CREC-2016-05-24-pt1-PgH2974-5,CREC-2016-05-24,2016-05-24,,SPEAKING,H,114,C001103,"Carter, Earl L. ""Buddy""",GA,R,"Carter, Earl L. ""Buddy""",Mr. CARTER of Georgia,"Earl L. ""Buddy"" Carter",Earl Carter
CREC-2016-05-24-pt1-PgH2974-6,CREC-2016-05-24,2016-05-24,,SPEAKING,H,114,B001284,"Brooks, Susan W.",IN,R,"Brooks, Susan W.",Mrs. BROOKS of Indiana,Susan W. Brooks,Susan Brooks
CREC-2016-05-24-pt1-PgH2975,CREC-2016-05-24,2016-05-24,,SPEAKING,H,114,L000578,"LaMalfa, Doug",CA,R,"LaMalfa, Doug",Mr. LaMALFA,Doug LaMalfa,
CREC-2016-05-24-pt1-PgH2981,CREC-2016-05-24,2016-05-24,,,,,,,,,,,,
CREC-2016-05-24-pt1-PgH2975-2,CREC-2016-05-24,2016-05-24,,SPEAKING,H,114,W000810,"Woodall, Rob",GA,R,"Woodall, Rob",Mr. WOODALL,Rob Woodall,
CREC-2016-05-24-pt1-PgH2975-2,CREC-2016-05-24,2016-05-24,,SPEAKING,H,114,P000598,"Polis, Jared",CO,D,"Polis, Jared",Mr. POLIS,Jared Polis,
CREC-2016-05-24-pt1-PgH2975-2,CREC-2016-05-24,2016-05-24,,SPEAKING,H,114,G000410,"Green, Gene",TX,D,"Green, Gene",Mr. GENE GREEN of Texas,Gene Green,
CREC-2016-05-24-pt1-PgH2975-2,CREC-2016-05-24,2016-05-24,,SPEAKING,H,114,S000250,"Sessions, Pete",TX,R,"Sessions, Pete",Mr. SESSIONS,Pete Sessions,
CREC-2016-05-24-pt1-PgH2981-2,CREC-2016-05-24,2016-05-24,,SPEAKING,H,114,N000189,"Newhouse, Dan",WA,R,"Newhouse, Dan",Mr. NEWHOUSE,Dan Newhouse,
CREC-2016-05-24-pt1-PgH2981-2,CREC-2016-05-24,2016-05-24,,SPEAKING,H,114,S000480,"Slaughter, Louise McIntosh",NY,D,"Slaughter, Louise McIntosh",Ms. SLAUGHTER,Louise McIntosh Slaughter,Louise Slaughter
CREC-2016-05-24-pt1-PgH2981-2,CREC-2016-05-24,2016-05-24,,SPEAKING,H,114,S000480,"Slaughter, Louise McIntosh",NY,D,"Slaughter, Louise McIntosh",Ms. SLAUGHTER,Louise McIntosh Slaughter,Louise M. Slaughter
CREC-2016-05-24-pt1-PgH2981-2,CREC-2016-05-24,2016-05-24,,SPEAKING,H,114,C001103,"Carter, Earl L. ""Buddy""",GA,R,"Carter, Earl L. ""Buddy""",Mr. CARTER of Georgia,"Earl L. ""Buddy"" Carter",Earl Carter
CREC-2016-05-24-pt1-PgH2981-2,CREC-2016-05-24,2016-05-24,,SPEAKING,H,114,T000468,"Titus, Dina",NV,D,"Titus, Dina",Ms. TITUS,Dina Titus,
CREC-2016-05-24-pt1-PgH2981-2,CREC-2016-05-24,2016-05-24,,SPEAKING,H,114,K000380,"Kildee, Daniel T.",MI,D,"Kildee, Daniel T.",Mr. KILDEE,Daniel T. Kildee,Daniel Kildee
CREC-2016-05-24-pt1-PgH2981-2,CREC-2016-05-24,2016-05-24,,SPEAKING,H,114,M001196,"Moulton, Seth",MA,D,"Moulton, Seth",Mr. MOULTON,Seth Moulton,
CREC-2016-05-24-pt1-PgH2987,CREC-2016-05-24,2016-05-24,,SPEAKING,H,114,P000598,"Polis, Jared",CO,D,"Polis, Jared",Mr. POLIS,Jared Polis,
CREC-2016-05-24-pt1-PgH2988,CREC-2016-05-24,2016-05-24,,SPEAKING,H,114,H000636,"Hinojosa, Ruben",TX,D,"Hinojosa, Ruben",Mr. HINOJOSA,Ruben Hinojosa,
CREC-2016-05-24-pt1-PgH2989,CREC-2016-05-24,2016-05-24,,SPEAKING,H,114,S000364,"Shimkus, John",IL,R,"Shimkus, John",Mr. SHIMKUS,John Shimkus,John M. Shimkus
CREC-2016-05-24-pt1-PgH3031,CREC-2016-05-24,2016-05-24,,SPEAKING,H,114,G000563,"Gibbs, Bob",OH,R,"Gibbs, Bob",Mr. GIBBS,Bob Gibbs,
CREC-2016-05-24-pt1-PgH3031,CREC-2016-05-24,2016-05-24,,SPEAKING,H,114,N000179,"Napolitano, Grace F.",CA,D,"Napolitano, Grace F.",Mrs. NAPOLITANO,Grace F. Napolitano,Grace Napolitano
CREC-2016-05-24-pt1-PgH3031,CREC-2016-05-24,2016-05-24,,SPEAKING,H,114,D000619,"Davis, Rodney",IL,R,"Davis, Rodney",Mr. RODNEY DAVIS of Illinois,Rodney Davis,
CREC-2016-05-24-pt1-PgH3031,CREC-2016-05-24,2016-05-24,,SPEAKING,H,114,D000191,"DeFazio, Peter A.",OR,D,"DeFazio, Peter A.",Mr. DeFAZIO,Peter A. DeFazio,Peter DeFazio
CREC-2016-05-24-pt1-PgH3031,CREC-2016-05-24,2016-05-24,,SPEAKING,H,114,N000189,"Newhouse, Dan",WA,R,"Newhouse, Dan",Mr. NEWHOUSE,Dan Newhouse,
CREC-2016-05-24-pt1-PgH3031,CREC-2016-05-24,2016-05-24,,SPEAKING,H,114,R000599,"Ruiz, Raul",CA,D,"Ruiz, Raul",Mr. RUIZ,Raul Ruiz,
CREC-2016-05-24-pt1-PgH3031,CREC-2016-05-24,2016-05-24,,SPEAKING,H,114,J000032,"Jackson Lee, Sheila",TX,D,"Jackson Lee, Sheila",Ms. JACKSON LEE,Sheila Jackson Lee,
CREC-2016-05-24-pt1-PgH3046,CREC-2016-05-24,2016-05-24,,,,,,,,,,,,
CREC-2016-05-24-pt1-PgH2989-2,CREC-2016-05-24,2016-05-24,,SPEAKING,H,114,S000364,"Shimkus, John",IL,R,"Shimkus, John",Mr. SHIMKUS,John Shimkus,John M. Shimkus
CREC-2016-05-24-pt1-PgH2989-2,CREC-2016-05-24,2016-05-24,,SPEAKING,H,114,P000034,"Pallone, Frank",NJ,D,"Pallone, Frank",Mr. PALLONE,"Frank Pallone, Jr.",Frank Pallone
CREC-2016-05-24-pt1-PgH2989-2,CREC-2016-05-24,2016-05-24,,SPEAKING,H,114,U000031,"Upton, Fred",MI,R,"Upton, Fred",Mr. UPTON,Fred Upton,
CREC-2016-05-24-pt1-PgH2989-2,CREC-2016-05-24,2016-05-24,,SPEAKING,H,114,T000469,"Tonko, Paul",NY,D,"Tonko, Paul",Mr. TONKO,Paul Tonko,
CREC-2016-05-24-pt1-PgH2989-2,CREC-2016-05-24,2016-05-24,,SPEAKING,H,114,B001243,"Blackburn, Marsha",TN,R,"Blackburn, Marsha",Mrs. BLACKBURN,Marsha Blackburn,
CREC-2016-05-24-pt1-PgH2989-2,CREC-2016-05-24,2016-05-24,,SPEAKING,H,114,W000800,"Welch, Peter",VT,D,"Welch, Peter",Mr. WELCH,Peter Welch,
CREC-2016-05-24-pt1-PgH2989-2,CREC-2016-05-24,2016-05-24,,SPEAKING,H,114,P000606,"Pittenger, Robert",NC,R,"Pittenger, Robert",Mr. PITTENGER,Robert Pittenger,
CREC-2016-05-24-pt1-PgH2989-2,CREC-2016-05-24,2016-05-24,,SPEAKING,H,114,G000410,"Green, Gene",TX,D,"Green, Gene",Mr. GENE GREEN of Texas,Gene Green,
CREC-2016-05-24-pt1-PgH2989-2,CREC-2016-05-24,2016-05-24,,SPEAKING,H,114,C001103,"Carter, Earl L. ""Buddy""",GA,R,"Carter, Earl L. ""Buddy""",Mr. CARTER of Georgia,"Earl L. ""Buddy"" Carter",Earl Carter
CREC-2016-05-24-pt1-PgH2989-2,CREC-2016-05-24,2016-05-24,,SPEAKING,H,114,D000197,"DeGette, Diana",CO,D,"DeGette, Diana",Ms. DeGETTE,Diana DeGette,
CREC-2016-05-24-pt1-PgH2989-2,CREC-2016-05-24,2016-05-24,,SPEAKING,H,114,H000874,"Hoyer, Steny H.",MD,D,"Hoyer, Steny H.",Mr. HOYER,Steny H. Hoyer,Steny Hoyer
CREC-2016-05-24-pt1-PgH2989-2,CREC-2016-05-24,2016-05-24,,SPEAKING,H,114,J000288,"Johnson, Henry C. ""Hank""",GA,D,"Johnson, Henry C. ""Hank""",Mr. JOHNSON of Georgia,"Henry C. ""Hank"" Johnson, Jr.",Henry Johnson
CREC-2016-05-24-pt1-PgH2989-2,CREC-2016-05-24,2016-05-24,,SPEAKING,H,114,J000288,"Johnson, Henry C. ""Hank""",GA,D,"Johnson, Henry C. ""Hank""",Mr. JOHNSON of Georgia,"Henry C. ""Hank"" Johnson, Jr.","Henry C. ""Hank"" Johnson"
CREC-2016-05-24-pt1-PgH3047,CREC-2016-05-24,2016-05-24,,,,,,,,,,,,
CREC-2016-05-24-pt1-PgH3047-2,CREC-2016-05-24,2016-05-24,,SPEAKING,H,114,J000296,"Jolly, David W.",FL,R,"Jolly, David W.",Mr. JOLLY,David W. Jolly,David Jolly
CREC-2016-05-24-pt1-PgH3057,CREC-2016-05-24,2016-05-24,,,,,,,,,,,,
CREC-2016-05-24-pt1-PgH3047-3,CREC-2016-05-24,2016-05-24,,SPEAKING,H,114,S001148,"Simpson, Michael K.",ID,R,"Simpson, Michael K.",Mr. SIMPSON,Michael K. Simpson,Michael Simpson
CREC-2016-05-24-pt1-PgH3047-3,CREC-2016-05-24,2016-05-24,,SPEAKING,H,114,K000009,"Kaptur, Marcy",OH,D,"Kaptur, Marcy",Ms. KAPTUR,Marcy Kaptur,
CREC-2016-05-24-pt1-PgH3047-3,CREC-2016-05-24,2016-05-24,,SPEAKING,H,114,R000395,"Rogers, Harold",KY,R,"Rogers, Harold",Mr. ROGERS of Kentucky,Harold Rogers,
CREC-2016-05-24-pt1-PgH3047-3,CREC-2016-05-24,2016-05-24,,SPEAKING,H,114,L000480,"Lowey, Nita M.",NY,D,"Lowey, Nita M.",Mrs. LOWEY,Nita M. Lowey,Nita Lowey
CREC-2016-05-24-pt1-PgH3047-3,CREC-2016-05-24,2016-05-24,,SPEAKING,H,114,L000567,"Lance, Leonard",NJ,R,"Lance, Leonard",Mr. LANCE,Leonard Lance,
CREC-2016-05-24-pt1-PgH3047-3,CREC-2016-05-24,2016-05-24,,SPEAKING,H,114,H001034,"Honda, Michael M.",CA,D,"Honda, Michael M.",Mr. HONDA,Michael M. Honda,Michael Honda
CREC-2016-05-24-pt1-PgH3047-3,CREC-2016-05-24,2016-05-24,,SPEAKING,H,114,M001165,"McCarthy, Kevin",CA,R,"McCarthy, Kevin",Mr. McCARTHY,Kevin McCarthy,
CREC-2016-05-24-pt1-PgH3047-3,CREC-2016-05-24,2016-05-24,,SPEAKING,H,114,F000454,"Foster, Bill",IL,D,"Foster, Bill",Mr. FOSTER,Bill Foster,
CREC-2016-05-24-pt1-PgH3047-3,CREC-2016-05-24,2016-05-24,,SPEAKING,H,114,C001059,"Costa, Jim",CA,D,"Costa, Jim",Mr. COSTA,Jim Costa,
CREC-2016-05-24-pt1-PgH3047-3,CREC-2016-05-24,2016-05-24,,SPEAKING,H,114,K000382,"Kuster, Ann M.",NH,D,"Kuster, Ann M.",Ms. KUSTER,Ann M. Kuster,Ann Kuster
CREC-2016-05-24-pt1-PgH3047-3,CREC-2016-05-24,2016-05-24,,SPEAKING,H,114,G000564,"Gibson, Christopher P.",NY,R,"Gibson, Christopher P.",Mr. GIBSON,Christopher P. Gibson,Christopher Gibson
CREC-2016-05-24-pt1-PgH3047-3,CREC-2016-05-24,2016-05-24,,SPEAKING,H,114,G000565,"Gosar, Paul A.",AZ,R,"Gosar, Paul A.",Mr. GOSAR,Paul A. Gosar,Paul Gosar
CREC-2016-05-24-pt1-PgH3092,CREC-2016-05-24,2016-05-24,,,,,,,,,,,,
CREC-2016-05-24-pt1-PgH3057-2,CREC-2016-05-24,2016-05-24,,SPEAKING,H,114,D000619,"Davis, Rodney",IL,R,"Davis, Rodney",Mr. RODNEY DAVIS of Illinois,Rodney Davis,
CREC-2016-05-24-pt1-PgH3057-2,CREC-2016-05-24,2016-05-24,,SPEAKING,H,114,K000009,"Kaptur, Marcy",OH,D,"Kaptur, Marcy",Ms. KAPTUR,Marcy Kaptur,
CREC-2016-05-24-pt1-PgH3057-2,CREC-2016-05-24,2016-05-24,,SPEAKING,H,114,C001102,"Clawson, Curt",FL,R,"Clawson, Curt",Mr. CLAWSON of Florida,Curt Clawson,
CREC-2016-05-24-pt1-PgH3057-2,CREC-2016-05-24,2016-05-24,,SPEAKING,H,114,S001148,"Simpson, Michael K.",ID,R,"Simpson, Michael K.",Mr. SIMPSON,Michael K. Simpson,Michael Simpson
CREC-2016-05-24-pt1-PgH3057-2,CREC-2016-05-24,2016-05-24,,SPEAKING,H,114,R000597,"Rice, Tom",SC,R,"Rice, Tom",Mr. RICE of South Carolina,Tom Rice,
CREC-2016-05-24-pt1-PgH3057-2,CREC-2016-05-24,2016-05-24,,SPEAKING,H,114,G000575,"Graham, Gwen",FL,D,"Graham, Gwen",Ms. GRAHAM,Gwen Graham,
CREC-2016-05-24-pt1-PgH3057-2,CREC-2016-05-24,2016-05-24,,SPEAKING,H,114,B001292,"Beyer, Donald S.",VA,D,"Beyer, Donald S.",Mr. BEYER,"Donald S. Beyer, Jr.",Donald Beyer
CREC-2016-05-24-pt1-PgH3057-2,CREC-2016-05-24,2016-05-24,,SPEAKING,H,114,B001292,"Beyer, Donald S.",VA,D,"Beyer, Donald S.",Mr. BEYER,"Donald S. Beyer, Jr.",Donald S. Beyer
CREC-2016-05-24-pt1-PgH3057-2,CREC-2016-05-24,2016-05-24,,SPEAKING,H,114,D000623,"DeSaulnier, Mark",CA,D,"DeSaulnier, Mark",Mr. DeSAULNIER,Mark DeSaulnier,
CREC-2016-05-24-pt1-PgH3057-2,CREC-2016-05-24,2016-05-24,,SPEAKING,H,114,M001166,"McNerney, Jerry",CA,D,"McNerney, Jerry",Mr. McNERNEY,Jerry McNerney,
CREC-2016-05-24-pt1-PgH3057-2,CREC-2016-05-24,2016-05-24,,SPEAKING,H,114,V000129,"Valadao, David G.",CA,R,"Valadao, David G.",Mr. VALADAO,David G. Valadao,David Valadao
CREC-2016-05-24-pt1-PgH3057-2,CREC-2016-05-24,2016-05-24,,SPEAKING,H,114,G000559,"Garamendi, John",CA,D,"Garamendi, John",Mr. GARAMENDI,John Garamendi,
CREC-2016-05-24-pt1-PgH3057-2,CREC-2016-05-24,2016-05-24,,SPEAKING,H,114,C000059,"Calvert, Ken",CA,R,"Calvert, Ken",Mr. CALVERT,Ken Calvert,
CREC-2016-05-24-pt1-PgH3057-2,CREC-2016-05-24,2016-05-24,,SPEAKING,H,114,M001165,"McCarthy, Kevin",CA,R,"McCarthy, Kevin",Mr. McCARTHY,Kevin McCarthy,
CREC-2016-05-24-pt1-PgH3057-2,CREC-2016-05-24,2016-05-24,,SPEAKING,H,114,G000568,"Griffith, H. Morgan",VA,R,"Griffith, H. Morgan",Mr. GRIFFITH,H. Morgan Griffith,H. Griffith
CREC-2016-05-24-pt1-PgH3057-2,CREC-2016-05-24,2016-05-24,,SPEAKING,H,114,C001068,"Cohen, Steve",TN,D,"Cohen, Steve",Mr. COHEN,Steve Cohen,
CREC-2016-05-24-pt1-PgH3057-2,CREC-2016-05-24,2016-05-24,,SPEAKING,H,114,B001297,"Buck, Ken",CO,R,"Buck, Ken",Mr. BUCK,Ken Buck,
CREC-2016-05-24-pt1-PgH3057-2,CREC-2016-05-24,2016-05-24,,SPEAKING,H,114,L000580,"Lujan Grisham, Michelle",NM,D,"Lujan Grisham, Michelle",Ms. MICHELLE LUJAN GRISHAM of New Mexico,Michelle Lujan Grisham,
CREC-2016-05-24-pt1-PgH3057-2,CREC-2016-05-24,2016-05-24,,SPEAKING,H,114,P000605,"Perry, Scott",PA,R,"Perry, Scott",Mr. PERRY,Scott Perry,
CREC-2016-05-24-pt1-PgH3057-2,CREC-2016-05-24,2016-05-24,,SPEAKING,H,114,B001278,"Bonamici, Suzanne",OR,D,"Bonamici, Suzanne",Ms. BONAMICI,Suzanne Bonamici,
CREC-2016-05-24-pt1-PgH3057-2,CREC-2016-05-24,2016-05-24,,SPEAKING,H,114,P000598,"Polis, Jared",CO,D,"Polis, Jared",Mr. POLIS,Jared Polis,
CREC-2016-05-24-pt1-PgH3057-2,CREC-2016-05-24,2016-05-24,,SPEAKING,H,114,K000386,"Katko, John",NY,R,"Katko, John",Mr. KATKO,John Katko,
CREC-2016-05-24-pt1-PgH3057-2,CREC-2016-05-24,2016-05-24,,SPEAKING,H,114,S001150,"Schiff, Adam B.",CA,D,"Schiff, Adam B.",Mr. SCHIFF,Adam B. Schiff,Adam Schiff
CREC-2016-05-24-pt1-PgH3057-2,CREC-2016-05-24,2016-05-24,,SPEAKING,H,114,W000814,"Weber, Randy K. Sr.",TX,R,"Weber, Randy K. Sr.",Mr. WEBER of Texas,"Randy K. Weber, Sr.",Randy Weber
CREC-2016-05-24-pt1-PgH3057-2,CREC-2016-05-24,2016-05-24,,SPEAKING,H,114,W000814,"Weber, Randy K. Sr.",TX,R,"Weber, Randy K. Sr.",Mr. WEBER of Texas,"Randy K. Weber, Sr.",Randy K. Weber
CREC-2016-05-24-pt1-PgH3057-2,CREC-2016-05-24,2016-05-24,,SPEAKING,H,114,W000800,"Welch, Peter",VT,D,"Welch, Peter",Mr. WELCH,Peter Welch,
CREC-2016-05-24-pt1-PgH3057-2,CREC-2016-05-24,2016-05-24,,SPEAKING,H,114,E000288,"Ellison, Keith",MN,D,"Ellison, Keith",Mr. ELLISON,Keith Ellison,
CREC-2016-05-24-pt1-PgH3057-2,CREC-2016-05-24,2016-05-24,,SPEAKING,H,114,L000559,"Langevin, James R.",RI,D,"Langevin, James R.",Mr. LANGEVIN,James R. Langevin,James Langevin
CREC-2016-05-24-pt1-PgH3057-2,CREC-2016-05-24,2016-05-24,,SPEAKING,H,114,W000795,"Wilson, Joe",SC,R,"Wilson, Joe",Mr. WILSON of South Carolina,Joe Wilson,
CREC-2016-05-24-pt1-PgH3057-2,CREC-2016-05-24,2016-05-24,,SPEAKING,H,114,H001071,"Hice, Jody B.",GA,R,"Hice, Jody B.",Mr. JODY B. HICE of Georgia,Jody B. Hice,Jody Hice
CREC-2016-05-24-pt1-PgH3057-2,CREC-2016-05-24,2016-05-24,,SPEAKING,H,114,K000375,"Keating, William R.",MA,D,"Keating, William R.",Mr. KEATING,William R. Keating,William Keating
CREC-2016-05-24-pt1-PgH3057-2,CREC-2016-05-24,2016-05-24,,SPEAKING,H,114,F000030,"Farr, Sam",CA,D,"Farr, Sam",Mr. FARR,Sam Farr,
CREC-2016-05-24-pt1-PgH3057-2,CREC-2016-05-24,2016-05-24,,SPEAKING,H,114,C001084,"Cicilline, David N.",RI,D,"Cicilline, David N.",Mr. CICILLINE,David N. Cicilline,David Cicilline
CREC-2016-05-24-pt1-PgH3057-2,CREC-2016-05-24,2016-05-24,,SPEAKING,H,114,B001285,"Brownley, Julia",CA,D,"Brownley, Julia",Ms. BROWNLEY of California,Julia Brownley,
CREC-2016-05-24-pt1-PgH3057-2,CREC-2016-05-24,2016-05-24,,SPEAKING,H,114,B001248,"Burgess, Michael C.",TX,R,"Burgess, Michael C.",Mr. BURGESS,Michael C. Burgess,Michael Burgess
CREC-2016-05-24-pt1-PgH3092-2,CREC-2016-05-24,2016-05-24,,,,,,,,,,,,
CREC-2016-05-24-pt1-PgH3092-3,CREC-2016-05-24,2016-05-24,,SPEAKING,H,114,E000294,"Emmer, Tom",MN,R,"Emmer, Tom",Mr. EMMER of Minnesota,Tom Emmer,
CREC-2016-05-24-pt1-PgH3092-4,CREC-2016-05-24,2016-05-24,,,,,,,,,,,,
CREC-2016-05-24-pt1-PgH3093,CREC-2016-05-24,2016-05-24,,,,,,,,,,,,
CREC-2016-05-24-pt1-PgH3094,CREC-2016-05-24,2016-05-24,,,,,,,,,,,,
CREC-2016-05-24-pt1-PgH3094-2,CREC-2016-05-24,2016-05-24,,,,,,,,,,,,
CREC-2016-05-24-pt1-PgH3093-2,CREC-2016-05-24,2016-05-24,,,,,,,,,,,,
CREC-2016-05-24-pt1-PgH3094-3,CREC-2016-05-24,2016-05-24,,,,,,,,,,,,
CREC-2016-05-24-pt1-PgH3094-5,CREC-2016-05-24,2016-05-24,,,,,,,,,,,,
CREC-2016-05-24-pt1-PgH3094-4,CREC-2016-05-24,2016-05-24,,,,,,,,,,,,
CREC-2016-05-24-pt1-PgH3094-6,CREC-2016-05-24,2016-05-24,,,,,,,,,,,,
CREC-2016-05-24-pt1-PgH3094-8,CREC-2016-05-24,2016-05-24,,,,,,,,,,,,
CREC-2016-05-24-pt1-PgH3094-7,CREC-2016-05-24,2016-05-24,,,,,,,,,,,,
CREC-2016-05-24-pt1-PgH3094-9,CREC-2016-05-24,2016-05-24,,,,,,,,,,,,
CREC-2016-05-24-pt1-PgH3094-11,CREC-2016-05-24,2016-05-24,,,,,,,,,,,,
CREC-2016-05-24-pt1-PgH3094-10,CREC-2016-05-24,2016-05-24,,,,,,,,,,,,
CREC-2016-05-24-pt1-PgH3095,CREC-2016-05-24,2016-05-24,,,,,,,,,,,,
CREC-2016-05-24-pt1-PgH3095-2,CREC-2016-05-24,2016-05-24,,,,,,,,,,,,
CREC-2016-05-24-pt1-PgH3094-12,CREC-2016-05-24,2016-05-24,,,,,,,,,,,,
CREC-2016-05-24-pt1-PgH3095-3,CREC-2016-05-24,2016-05-24,,,,,,,,,,,,
CREC-2016-05-24-pt1-PgH3095-4,CREC-2016-05-24,2016-05-24,,SPEAKING,H,114,G000565,"Gosar, Paul A.",AZ,R,"Gosar, Paul A.",Mr. Gosar,Paul A. Gosar,Paul Gosar
CREC-2016-05-24-pt1-PgH3096,CREC-2016-05-24,2016-05-24,,SPEAKING,H,114,G000565,"Gosar, Paul A.",AZ,R,"Gosar, Paul A.",Mr. Gosar,Paul A. Gosar,Paul Gosar
CREC-2016-05-24-pt1-PgH3096-2,CREC-2016-05-24,2016-05-24,,SPEAKING,H,114,G000565,"Gosar, Paul A.",AZ,R,"Gosar, Paul A.",Mr. Gosar,Paul A. Gosar,Paul Gosar
CREC-2016-05-24-pt1-PgH3096-3,CREC-2016-05-24,2016-05-24,,SPEAKING,H,114,C001066,"Castor, Kathy",FL,D,"Castor, Kathy",Ms. Castor of Florida,Kathy Castor,
CREC-2016-05-24-pt1-PgH3096-4,CREC-2016-05-24,2016-05-24,,SPEAKING,H,114,P000608,"Peters, Scott H.",CA,D,"Peters, Scott H.",Mr. Peters,Scott H. Peters,Scott Peters
CREC-2016-05-24-pt1-PgH3096-5,CREC-2016-05-24,2016-05-24,,SPEAKING,H,114,P000608,"Peters, Scott H.",CA,D,"Peters, Scott H.",Mr. Peters,Scott H. Peters,Scott Peters
CREC-2016-05-24-pt1-PgH3096-6,CREC-2016-05-24,2016-05-24,,SPEAKING,H,114,B001243,"Blackburn, Marsha",TN,R,"Blackburn, Marsha",Mrs. Blackburn,Marsha Blackburn,
CREC-2016-05-24-pt1-PgH3096-7,CREC-2016-05-24,2016-05-24,,SPEAKING,H,114,C001102,"Clawson, Curt",FL,R,"Clawson, Curt",Mr. Clawson of Florida,Curt Clawson,
CREC-2016-05-24-pt1-PgH3096-8,CREC-2016-05-24,2016-05-24,,SPEAKING,H,114,C001078,"Connolly, Gerald E.",VA,D,"Connolly, Gerald E.",Mr. Connolly,Gerald E. Connolly,Gerald Connolly
CREC-2016-05-24-pt1-PgH3096-9,CREC-2016-05-24,2016-05-24,,SPEAKING,H,114,D000623,"DeSaulnier, Mark",CA,D,"DeSaulnier, Mark",Mr. DeSaulnier,Mark DeSaulnier,
CREC-2016-05-24-pt1-PgH3096-10,CREC-2016-05-24,2016-05-24,,SPEAKING,H,114,E000179,"Engel, Eliot L.",NY,D,"Engel, Eliot L.",Mr. Engel,Eliot L. Engel,Eliot Engel
CREC-2016-05-24-pt1-PgH3096-12,CREC-2016-05-24,2016-05-24,,SPEAKING,H,114,L000565,"Loebsack, David",IA,D,"Loebsack, David",Mr. Loebsack,David Loebsack,
CREC-2016-05-24-pt1-PgH3096-11,CREC-2016-05-24,2016-05-24,,SPEAKING,H,114,F000448,"Franks, Trent",AZ,R,"Franks, Trent",Mr. Franks of Arizona,Trent Franks,
CREC-2016-05-24-pt1-PgH3096-13,CREC-2016-05-24,2016-05-24,,SPEAKING,H,114,B001292,"Beyer, Donald S.",VA,D,"Beyer, Donald S.",Mr. Beyer,"Donald S. Beyer, Jr.",Donald Beyer
CREC-2016-05-24-pt1-PgH3096-13,CREC-2016-05-24,2016-05-24,,SPEAKING,H,114,B001292,"Beyer, Donald S.",VA,D,"Beyer, Donald S.",Mr. Beyer,"Donald S. Beyer, Jr.",Donald S. Beyer
CREC-2016-05-24-pt1-PgH3096-14,CREC-2016-05-24,2016-05-24,,SPEAKING,H,114,B001292,"Beyer, Donald S.",VA,D,"Beyer, Donald S.",Mr. Beyer,"Donald S. Beyer, Jr.",Donald Beyer
CREC-2016-05-24-pt1-PgH3096-14,CREC-2016-05-24,2016-05-24,,SPEAKING,H,114,B001292,"Beyer, Donald S.",VA,D,"Beyer, Donald S.",Mr. Beyer,"Donald S. Beyer, Jr.",Donald S. Beyer
CREC-2016-05-24-pt1-PgH3096-15,CREC-2016-05-24,2016-05-24,,SPEAKING,H,114,B001278,"Bonamici, Suzanne",OR,D,"Bonamici, Suzanne",Ms. Bonamici,Suzanne Bonamici,
CREC-2016-05-24-pt1-PgH3096-16,CREC-2016-05-24,2016-05-24,,SPEAKING,H,114,G000553,"Green, Al",TX,D,"Green, Al",Mr. Al Green of Texas,Al Green,
CREC-2016-05-24-pt1-PgH3096-17,CREC-2016-05-24,2016-05-24,,SPEAKING,H,114,G000568,"Griffith, H. Morgan",VA,R,"Griffith, H. Morgan",Mr. Griffith,H. Morgan Griffith,H. Griffith
CREC-2016-05-24-pt1-PgH3096-18,CREC-2016-05-24,2016-05-24,,SPEAKING,H,114,E000288,"Ellison, Keith",MN,D,"Ellison, Keith",Mr. Ellison,Keith Ellison,
CREC-2016-05-24-pt1-PgH3096-19,CREC-2016-05-24,2016-05-24,,SPEAKING,H,114,G000559,"Garamendi, John",CA,D,"Garamendi, John",Mr. Garamendi,John Garamendi,
CREC-2016-05-24-pt1-PgH3096-20,CREC-2016-05-24,2016-05-24,,SPEAKING,H,114,G000559,"Garamendi, John",CA,D,"Garamendi, John",Mr. Garamendi,John Garamendi,
CREC-2016-05-24-pt1-PgH3096-21,CREC-2016-05-24,2016-05-24,,SPEAKING,H,114,G000559,"Garamendi, John",CA,D,"Garamendi, John",Mr. Garamendi,John Garamendi,
CREC-2016-05-24-pt1-PgH3097,CREC-2016-05-24,2016-05-24,,SPEAKING,H,114,P000605,"Perry, Scott",PA,R,"Perry, Scott",Mr. Perry,Scott Perry,
CREC-2016-05-24-pt1-PgH3097-2,CREC-2016-05-24,2016-05-24,,SPEAKING,H,114,P000606,"Pittenger, Robert",NC,R,"Pittenger, Robert",Mr. Pittenger,Robert Pittenger,
CREC-2016-05-24-pt1-PgH3097-3,CREC-2016-05-24,2016-05-24,,SPEAKING,H,114,G000559,"Garamendi, John",CA,D,"Garamendi, John",Mr. Garamendi,John Garamendi,
CREC-2016-05-24-pt1-PgH3097-4,CREC-2016-05-24,2016-05-24,,SPEAKING,H,114,B001248,"Burgess, Michael C.",TX,R,"Burgess, Michael C.",Mr. Burgess,Michael C. Burgess,Michael Burgess
CREC-2016-05-24-pt1-PgH3097-5,CREC-2016-05-24,2016-05-24,,SPEAKING,H,114,P000606,"Pittenger, Robert",NC,R,"Pittenger, Robert",Mr. Pittenger,Robert Pittenger,
CREC-2016-05-24-pt1-PgS-FrontMatter-6,CREC-2016-05-24,2016-05-24,,,,,,,,,,,,
CREC-2016-05-24-pt1-PgS3063,CREC-2016-05-24,2016-05-24,,,,,,,,,,,,
CREC-2016-05-24-pt1-PgS3063-3,CREC-2016-05-24,2016-05-24,,,,,,,,,,,,
CREC-2016-05-24-pt1-PgS3063-2,CREC-2016-05-24,2016-05-24,,,,,,,,,,,,
CREC-2016-05-24-pt1-PgS3063-4,CREC-2016-05-24,2016-05-24,,,,,,,,,,,,
CREC-2016-05-24-pt1-PgS3064,CREC-2016-05-24,2016-05-24,,,,,,,,,,,,
CREC-2016-05-24-pt1-PgS3063-5,CREC-2016-05-24,2016-05-24,,SPEAKING,S,114,M000355,"McConnell, Mitch",KY,R,"McConnell, Mitch",Mr. McCONNELL,Mitch McConnell,
CREC-2016-05-24-pt1-PgS3064-2,CREC-2016-05-24,2016-05-24,,SPEAKING,S,114,R000146,"Reid, Harry",NV,D,"Reid, Harry",Mr. REID,Harry Reid,Harry M. Reid
CREC-2016-05-24-pt1-PgS3064-3,CREC-2016-05-24,2016-05-24,,SPEAKING,S,114,R000146,"Reid, Harry",NV,D,"Reid, Harry",Mr. REID,Harry Reid,Harry M. Reid
CREC-2016-05-24-pt1-PgS3065,CREC-2016-05-24,2016-05-24,,,,,,,,,,,,
CREC-2016-05-24-pt1-PgS3065-2,CREC-2016-05-24,2016-05-24,,SPEAKING,S,114,I000055,"Isakson, Johnny",GA,R,"Isakson, Johnny",Mr. ISAKSON,Johnny Isakson,
CREC-2016-05-24-pt1-PgS3075,CREC-2016-05-24,2016-05-24,,SPEAKING,S,114,T000250,"Thune, John",SD,R,"Thune, John",Mr. THUNE,John Thune,
CREC-2016-05-24-pt1-PgS3065-3,CREC-2016-05-24,2016-05-24,,SPEAKING,S,114,I000055,"Isakson, Johnny",GA,R,"Isakson, Johnny",Mr. ISAKSON,Johnny Isakson,
CREC-2016-05-24-pt1-PgS3065-3,CREC-2016-05-24,2016-05-24,,SPEAKING,S,114,M001111,"Murray, Patty",WA,D,"Murray, Patty",Mrs. MURRAY,Patty Murray,
CREC-2016-05-24-pt1-PgS3065-3,CREC-2016-05-24,2016-05-24,,SPEAKING,S,114,K000367,"Klobuchar, Amy",MN,D,"Klobuchar, Amy",Ms. KLOBUCHAR,Amy Klobuchar,
CREC-2016-05-24-pt1-PgS3065-3,CREC-2016-05-24,2016-05-24,,SPEAKING,S,114,A000360,"Alexander, Lamar",TN,R,"Alexander, Lamar",Mr. ALEXANDER,Lamar Alexander,
CREC-2016-05-24-pt1-PgS3065-3,CREC-2016-05-24,2016-05-24,,SPEAKING,S,114,G000386,"Grassley, Chuck",IA,R,"Grassley, Chuck",Mr. GRASSLEY,Chuck Grassley,
CREC-2016-05-24-pt1-PgS3065-3,CREC-2016-05-24,2016-05-24,,SPEAKING,S,114,B001288,"Booker, Cory A.",NJ,D,"Booker, Cory A.",Mr. BOOKER,Cory A. Booker,Cory Booker
CREC-2016-05-24-pt1-PgS3065-3,CREC-2016-05-24,2016-05-24,,SPEAKING,S,114,C001056,"Cornyn, John",TX,R,"Cornyn, John",Mr. CORNYN,John Cornyn,
CREC-2016-05-24-pt1-PgS3065-3,CREC-2016-05-24,2016-05-24,,SPEAKING,S,114,W000779,"Wyden, Ron",OR,D,"Wyden, Ron",Mr. WYDEN,Ron Wyden,
CREC-2016-05-24-pt1-PgS3065-3,CREC-2016-05-24,2016-05-24,,SPEAKING,S,114,T000250,"Thune, John",SD,R,"Thune, John",Mr. THUNE,John Thune,
CREC-2016-05-24-pt1-PgS3084,CREC-2016-05-24,2016-05-24,,SPEAKING,S,114,M000303,"McCain, John",AZ,R,"McCain, John",Mr. McCAIN,John McCain,John Sidney McCain
CREC-2016-05-24-pt1-PgS3084,CREC-2016-05-24,2016-05-24,,SPEAKING,S,114,C001056,"Cornyn, John",TX,R,"Cornyn, John",Mr. CORNYN,John Cornyn,
CREC-2016-05-24-pt1-PgS3084,CREC-2016-05-24,2016-05-24,,SPEAKING,S,114,D000563,"Durbin, Richard J.",IL,D,"Durbin, Richard J.",Mr. DURBIN,Richard J. Durbin,Richard Durbin
CREC-2016-05-24-pt1-PgS3075-2,CREC-2016-05-24,2016-05-24,,SPEAKING,S,114,H000338,"Hatch, Orrin G.",UT,R,"Hatch, Orrin G.",Mr. HATCH,Orrin G. Hatch,Orrin Hatch
CREC-2016-05-24-pt1-PgS3075-2,CREC-2016-05-24,2016-05-24,,SPEAKING,S,114,H000338,"Hatch, Orrin G.",UT,R,"Hatch, Orrin G.",Mr. HATCH,Orrin G. Hatch,Orrin Grant Hatch
CREC-2016-05-24-pt1-PgS3075-2,CREC-2016-05-24,2016-05-24,,SPEAKING,S,114,B000944,"Brown, Sherrod",OH,D,"Brown, Sherrod",Mr. BROWN,Sherrod Brown,
CREC-2016-05-24-pt1-PgS3075-2,CREC-2016-05-24,2016-05-24,,SPEAKING,S,114,M001111,"Murray, Patty",WA,D,"Murray, Patty",Mrs. MURRAY,Patty Murray,
CREC-2016-05-24-pt1-PgS3075-2,CREC-2016-05-24,2016-05-24,,SPEAKING,S,114,C001056,"Cornyn, John",TX,R,"Cornyn, John",Mr. CORNYN,John Cornyn,
CREC-2016-05-24-pt1-PgS3075-2,CREC-2016-05-24,2016-05-24,,SPEAKING,S,114,B001236,"Boozman, John",AR,R,"Boozman, John",Mr. BOOZMAN,John Boozman,
CREC-2016-05-24-pt1-PgS3075-2,CREC-2016-05-24,2016-05-24,,SPEAKING,S,114,R000307,"Roberts, Pat",KS,R,"Roberts, Pat",Mr. ROBERTS,Pat Roberts,
CREC-2016-05-24-pt1-PgS3075-2,CREC-2016-05-24,2016-05-24,,SPEAKING,S,114,C000567,"Cochran, Thad",MS,R,"Cochran, Thad",Mr. COCHRAN,Thad Cochran,
CREC-2016-05-24-pt1-PgS3075-2,CREC-2016-05-24,2016-05-24,,SPEAKING,S,114,N000032,"Nelson, Bill",FL,D,"Nelson, Bill",Mr. NELSON,Bill Nelson,Clarence Nelson
CREC-2016-05-24-pt1-PgS3075-2,CREC-2016-05-24,2016-05-24,,SPEAKING,S,114,N000032,"Nelson, Bill",FL,D,"Nelson, Bill",Mr. NELSON,Bill Nelson,Clarence William Nelson
CREC-2016-05-24-pt1-PgS3075-2,CREC-2016-05-24,2016-05-24,,SPEAKING,S,114,E000285,"Enzi, Michael B.",WY,R,"Enzi, Michael B.",Mr. ENZI,Michael B. Enzi,Michael Enzi
CREC-2016-05-24-pt1-PgS3075-2,CREC-2016-05-24,2016-05-24,,SPEAKING,S,114,C000141,"Cardin, Benjamin L.",MD,D,"Cardin, Benjamin L.",Mr. CARDIN,Benjamin L. Cardin,Ben Cardin
CREC-2016-05-24-pt1-PgS3075-2,CREC-2016-05-24,2016-05-24,,SPEAKING,S,114,F000463,"Fischer, Deb",NE,R,"Fischer, Deb",Mrs. FISCHER,Deb Fischer,
CREC-2016-05-24-pt1-PgS3075-2,CREC-2016-05-24,2016-05-24,,SPEAKING,S,114,R000595,"Rubio, Marco",FL,R,"Rubio, Marco",Mr. RUBIO,Marco Rubio,
CREC-2016-05-24-pt1-PgS3075-2,CREC-2016-05-24,2016-05-24,,SPEAKING,S,114,M000355,"McConnell, Mitch",KY,R,"McConnell, Mitch",Mr. McCONNELL,Mitch McConnell,
CREC-2016-05-24-pt1-PgS3075-2,CREC-2016-05-24,2016-05-24,,SPEAKING,S,114,D000563,"Durbin, Richard J.",IL,D,"Durbin, Richard J.",Mr. DURBIN,Richard J. Durbin,Richard Durbin
CREC-2016-05-24-pt1-PgS3084-2,CREC-2016-05-24,2016-05-24,,SPEAKING,S,114,M000303,"McCain, John",AZ,R,"McCain, John",Mr. McCAIN,John McCain,John Sidney McCain
CREC-2016-05-24-pt1-PgS3084-2,CREC-2016-05-24,2016-05-24,,SPEAKING,S,114,F000444,"Flake, Jeff",AZ,R,"Flake, Jeff",Mr. FLAKE,Jeff Flake,
CREC-2016-05-24-pt1-PgS3084-2,CREC-2016-05-24,2016-05-24,,SPEAKING,S,114,W000437,"Wicker, Roger F.",MS,R,"Wicker, Roger F.",Mr. WICKER,Roger F. Wicker,Roger Wicker
CREC-2016-05-24-pt1-PgS3084-2,CREC-2016-05-24,2016-05-24,,SPEAKING,S,114,A000368,"Ayotte, Kelly",NH,R,"Ayotte, Kelly",Ms. AYOTTE,Kelly Ayotte,
CREC-2016-05-24-pt1-PgS3084-2,CREC-2016-05-24,2016-05-24,,SPEAKING,S,114,M000639,"Menendez, Robert",NJ,D,"Menendez, Robert",Mr. MENENDEZ,Robert Menendez,
CREC-2016-05-24-pt1-PgS3084-2,CREC-2016-05-24,2016-05-24,,SPEAKING,S,114,M000355,"McConnell, Mitch",KY,R,"McConnell, Mitch",Mr. McCONNELL,Mitch McConnell,
CREC-2016-05-24-pt1-PgS3091,CREC-2016-05-24,2016-05-24,,SPEAKING,S,114,M000355,"McConnell, Mitch",KY,R,"McConnell, Mitch",Mr. McCONNELL,Mitch McConnell,
CREC-2016-05-24-pt1-PgS3091-2,CREC-2016-05-24,2016-05-24,,SPEAKING,S,114,R000146,"Reid, Harry",NV,D,"Reid, Harry",Mr. REID,Harry Reid,Harry M. Reid
CREC-2016-05-24-pt1-PgS3091-3,CREC-2016-05-24,2016-05-24,,SPEAKING,S,114,D000563,"Durbin, Richard J.",IL,D,"Durbin, Richard J.",Mr. DURBIN,Richard J. Durbin,Richard Durbin
CREC-2016-05-24-pt1-PgS3092-2,CREC-2016-05-24,2016-05-24,,SPEAKING,S,114,L000174,"Leahy, Patrick J.",VT,D,"Leahy, Patrick J.",Mr. LEAHY,Patrick J. Leahy,Patrick Leahy
CREC-2016-05-24-pt1-PgS3092,CREC-2016-05-24,2016-05-24,,SPEAKING,S,114,L000174,"Leahy, Patrick J.",VT,D,"Leahy, Patrick J.",Mr. LEAHY,Patrick J. Leahy,Patrick Leahy
CREC-2016-05-24-pt1-PgS3093,CREC-2016-05-24,2016-05-24,,SPEAKING,S,114,M000639,"Menendez, Robert",NJ,D,"Menendez, Robert",Mr. MENENDEZ,Robert Menendez,
CREC-2016-05-24-pt1-PgS3095,CREC-2016-05-24,2016-05-24,,SPEAKING,S,114,A000360,"Alexander, Lamar",TN,R,"Alexander, Lamar",Mr. ALEXANDER,Lamar Alexander,
CREC-2016-05-24-pt1-PgS3093-2,CREC-2016-05-24,2016-05-24,,SPEAKING,S,114,C001071,"Corker, Bob",TN,R,"Corker, Bob",Mr. CORKER,Bob Corker,
CREC-2016-05-24-pt1-PgS3096,CREC-2016-05-24,2016-05-24,,SPEAKING,S,114,B001236,"Boozman, John",AR,R,"Boozman, John",Mr. BOOZMAN,John Boozman,
CREC-2016-05-24-pt1-PgS3096-3,CREC-2016-05-24,2016-05-24,,SPEAKING,S,114,K000360,"Kirk, Mark Steven",IL,R,"Kirk, Mark Steven",Mr. KIRK,Mark Kirk,Mark Steven Kirk
CREC-2016-05-24-pt1-PgS3096-4,CREC-2016-05-24,2016-05-24,,SPEAKING,S,114,P000595,"Peters, Gary C.",MI,D,"Peters, Gary C.",Mr. PETERS,Gary C. Peters,Gary Peters
CREC-2016-05-24-pt1-PgS3096-2,CREC-2016-05-24,2016-05-24,,SPEAKING,S,114,D000618,"Daines, Steve",MT,R,"Daines, Steve",Mr. DAINES,Steve Daines,
CREC-2016-05-24-pt1-PgS3097,CREC-2016-05-24,2016-05-24,,,,,,,,,,,,
CREC-2016-05-24-pt1-PgS3097-2,CREC-2016-05-24,2016-05-24,,,,,,,,,,,,
CREC-2016-05-24-pt1-PgS3100,CREC-2016-05-24,2016-05-24,,,,,,,,,,,,
CREC-2016-05-24-pt1-PgS3098,CREC-2016-05-24,2016-05-24,,,,,,,,,,,,
CREC-2016-05-24-pt1-PgS3100-2,CREC-2016-05-24,2016-05-24,,SPEAKING,S,114,M000303,"McCain, John",AZ,R,"McCain, John",Mr. McCAIN,John McCain,John Sidney McCain
CREC-2016-05-24-pt1-PgS3101-2,CREC-2016-05-24,2016-05-24,,,,,,,,,,,,
CREC-2016-05-24-pt1-PgS3101,CREC-2016-05-24,2016-05-24,,,,,,,,,,,,
CREC-2016-05-24-pt1-PgS3101-3,CREC-2016-05-24,2016-05-24,,,,,,,,,,,,
CREC-2016-05-24-pt1-PgS3103,CREC-2016-05-24,2016-05-24,,,,,,,,,,,,
CREC-2016-05-24-pt1-PgS3102,CREC-2016-05-24,2016-05-24,,,,,,,,,,,,
CREC-2016-05-24-pt1-PgS3103-2,CREC-2016-05-24,2016-05-24,,,,,,,,,,,,
CREC-2016-05-24-pt1-PgS3104,CREC-2016-05-24,2016-05-24,,,,,,,,,,,,
CREC-2016-05-24-pt1-PgS3105-2,CREC-2016-05-24,2016-05-24,,SPEAKING,S,114,A000368,"Ayotte, Kelly",NH,R,"Ayotte, Kelly",Ms. AYOTTE,Kelly Ayotte,
CREC-2016-05-24-pt1-PgS3105-3,CREC-2016-05-24,2016-05-24,,SPEAKING,S,114,A000368,"Ayotte, Kelly",NH,R,"Ayotte, Kelly",Ms. AYOTTE,Kelly Ayotte,
CREC-2016-05-24-pt1-PgS3105-4,CREC-2016-05-24,2016-05-24,,SPEAKING,S,114,A000368,"Ayotte, Kelly",NH,R,"Ayotte, Kelly",Ms. AYOTTE,Kelly Ayotte,
CREC-2016-05-24-pt1-PgS3105,CREC-2016-05-24,2016-05-24,,,,,,,,,,,,
CREC-2016-05-24-pt1-PgS3105-5,CREC-2016-05-24,2016-05-24,,SPEAKING,S,114,L000575,"Lankford, James",OK,R,"Lankford, James",Mr. LANKFORD,James Lankford,
CREC-2016-05-24-pt1-PgS3105-6,CREC-2016-05-24,2016-05-24,,SPEAKING,S,114,M001153,"Murkowski, Lisa",AK,R,"Murkowski, Lisa",Ms. MURKOWSKI,Lisa Murkowski,
CREC-2016-05-24-pt1-PgS3105-7,CREC-2016-05-24,2016-05-24,,SPEAKING,S,114,K000367,"Klobuchar, Amy",MN,D,"Klobuchar, Amy",Ms. KLOBUCHAR,Amy Klobuchar,
CREC-2016-05-24-pt1-PgS3106,CREC-2016-05-24,2016-05-24,,SPEAKING,S,114,B000711,"Boxer, Barbara",CA,D,"Boxer, Barbara",Mrs. BOXER,Barbara Boxer,
CREC-2016-05-24-pt1-PgS3107,CREC-2016-05-24,2016-05-24,,SPEAKING,S,114,B000711,"Boxer, Barbara",CA,D,"Boxer, Barbara",Mrs. BOXER,Barbara Boxer,
CREC-2016-05-24-pt1-PgS3107-2,CREC-2016-05-24,2016-05-24,,SPEAKING,S,114,B001135,"Burr, Richard",NC,R,"Burr, Richard",Mr. BURR,Richard Burr,Richard Mauze Burr
CREC-2016-05-24-pt1-PgS3107-3,CREC-2016-05-24,2016-05-24,,SPEAKING,S,114,S001194,"Schatz, Brian",HI,D,"Schatz, Brian",Mr. SCHATZ,Brian Schatz,
CREC-2016-05-24-pt1-PgS3107-4,CREC-2016-05-24,2016-05-24,,SPEAKING,S,114,S001194,"Schatz, Brian",HI,D,"Schatz, Brian",Mr. SCHATZ,Brian Schatz,
CREC-2016-05-24-pt1-PgS3107-5,CREC-2016-05-24,2016-05-24,,SPEAKING,S,114,S001194,"Schatz, Brian",HI,D,"Schatz, Brian",Mr. SCHATZ,Brian Schatz,
CREC-2016-05-24-pt1-PgS3107-6,CREC-2016-05-24,2016-05-24,,SPEAKING,S,114,I000024,"Inhofe, James M.",OK,R,"Inhofe, James M.",Mr. INHOFE,James M. Inhofe,Jim Inhofe
CREC-2016-05-24-pt1-PgS3108,CREC-2016-05-24,2016-05-24,,SPEAKING,S,114,E000295,"Ernst, Joni",IA,R,"Ernst, Joni",Mrs. ERNST,Joni Ernst,
CREC-2016-05-24-pt1-PgS3110,CREC-2016-05-24,2016-05-24,,SPEAKING,S,114,M000303,"McCain, John",AZ,R,"McCain, John",Mr. McCAIN,John McCain,John Sidney McCain
CREC-2016-05-24-pt1-PgS3110-2,CREC-2016-05-24,2016-05-24,,SPEAKING,S,114,M000934,"Moran, Jerry",KS,R,"Moran, Jerry",Mr. MORAN,Jerry Moran,
CREC-2016-05-24-pt1-PgS3109,CREC-2016-05-24,2016-05-24,,SPEAKING,S,114,M000303,"McCain, John",AZ,R,"McCain, John",Mr. McCAIN,John McCain,John Sidney McCain
CREC-2016-05-24-pt1-PgS3110-3,CREC-2016-05-24,2016-05-24,,SPEAKING,S,114,E000295,"Ernst, Joni",IA,R,"Ernst, Joni",Mrs. ERNST,Joni Ernst,
CREC-2016-05-24-pt1-PgS3110-4,CREC-2016-05-24,2016-05-24,,SPEAKING,S,114,E000295,"Ernst, Joni",IA,R,"Ernst, Joni",Mrs. ERNST,Joni Ernst,
CREC-2016-05-24-pt1-PgS3111-2,CREC-2016-05-24,2016-05-24,,SPEAKING,S,114,P000612,"Perdue, David",GA,R,"Perdue, David",Mr. PERDUE,David Perdue,David Alfred Perdue
CREC-2016-05-24-pt1-PgS3111-3,CREC-2016-05-24,2016-05-24,,SPEAKING,S,114,P000612,"Perdue, David",GA,R,"Perdue, David",Mr. PERDUE,David Perdue,David Alfred Perdue
CREC-2016-05-24-pt1-PgS3111-5,CREC-2016-05-24,2016-05-24,,SPEAKING,S,114,P000612,"Perdue, David",GA,R,"Perdue, David",Mr. PERDUE,David Perdue,David Alfred Perdue
CREC-2016-05-24-pt1-PgS3111-6,CREC-2016-05-24,2016-05-24,,SPEAKING,S,114,P000612,"Perdue, David",GA,R,"Perdue, David",Mr. PERDUE,David Perdue,David Alfred Perdue
CREC-2016-05-24-pt1-PgS3111-4,CREC-2016-05-24,2016-05-24,,SPEAKING,S,114,P000612,"Perdue, David",GA,R,"Perdue, David",Mr. PERDUE,David Perdue,David Alfred Perdue
CREC-2016-05-24-pt1-PgS3111,CREC-2016-05-24,2016-05-24,,SPEAKING,S,114,F000463,"Fischer, Deb",NE,R,"Fischer, Deb",Mrs. FISCHER,Deb Fischer,
CREC-2016-05-24-pt1-PgS3112,CREC-2016-05-24,2016-05-24,,SPEAKING,S,114,P000612,"Perdue, David",GA,R,"Perdue, David",Mr. PERDUE,David Perdue,David Alfred Perdue
CREC-2016-05-24-pt1-PgS3112-2,CREC-2016-05-24,2016-05-24,,SPEAKING,S,114,P000612,"Perdue, David",GA,R,"Perdue, David",Mr. PERDUE,David Perdue,David Alfred Perdue
CREC-2016-05-24-pt1-PgS3113,CREC-2016-05-24,2016-05-24,,SPEAKING,S,114,P000612,"Perdue, David",GA,R,"Perdue, David",Mr. PERDUE,David Perdue,David Alfred Perdue
CREC-2016-05-24-pt1-PgS3113-2,CREC-2016-05-24,2016-05-24,,SPEAKING,S,114,P000612,"Perdue, David",GA,R,"Perdue, David",Mr. PERDUE,David Perdue,David Alfred Perdue
CREC-2016-05-24-pt1-PgS3114,CREC-2016-05-24,2016-05-24,,SPEAKING,S,114,G000555,"Gillibrand, Kirsten E.",NY,D,"Gillibrand, Kirsten E.",Mrs. GILLIBRAND,Kirsten E. Gillibrand,Kirsten Gillibrand
CREC-2016-05-24-pt1-PgS3113-3,CREC-2016-05-24,2016-05-24,,SPEAKING,S,114,E000295,"Ernst, Joni",IA,R,"Ernst, Joni",Mrs. ERNST,Joni Ernst,
CREC-2016-05-24-pt1-PgS3114-2,CREC-2016-05-24,2016-05-24,,SPEAKING,S,114,K000367,"Klobuchar, Amy",MN,D,"Klobuchar, Amy",Ms. KLOBUCHAR,Amy Klobuchar,
CREC-2016-05-24-pt1-PgS3114-3,CREC-2016-05-24,2016-05-24,,SPEAKING,S,114,P000595,"Peters, Gary C.",MI,D,"Peters, Gary C.",Mr. PETERS,Gary C. Peters,Gary Peters
CREC-2016-05-24-pt1-PgS3114-4,CREC-2016-05-24,2016-05-24,,SPEAKING,S,114,G000555,"Gillibrand, Kirsten E.",NY,D,"Gillibrand, Kirsten E.",Mrs. GILLIBRAND,Kirsten E. Gillibrand,Kirsten Gillibrand
CREC-2016-05-24-pt1-PgS3114-5,CREC-2016-05-24,2016-05-24,,SPEAKING,S,114,B001288,"Booker, Cory A.",NJ,D,"Booker, Cory A.",Mr. BOOKER,Cory A. Booker,Cory Booker
CREC-2016-05-24-pt1-PgS3115,CREC-2016-05-24,2016-05-24,,SPEAKING,S,114,E000295,"Ernst, Joni",IA,R,"Ernst, Joni",Mrs. ERNST,Joni Ernst,
CREC-2016-05-24-pt1-PgS3115-3,CREC-2016-05-24,2016-05-24,,SPEAKING,S,114,R000307,"Roberts, Pat",KS,R,"Roberts, Pat",Mr. ROBERTS,Pat Roberts,
CREC-2016-05-24-pt1-PgS3116,CREC-2016-05-24,2016-05-24,,SPEAKING,S,114,G000386,"Grassley, Chuck",IA,R,"Grassley, Chuck",Mr. GRASSLEY,Chuck Grassley,
CREC-2016-05-24-pt1-PgS3116-2,CREC-2016-05-24,2016-05-24,,SPEAKING,S,114,K000367,"Klobuchar, Amy",MN,D,"Klobuchar, Amy",Ms. KLOBUCHAR,Amy Klobuchar,
CREC-2016-05-24-pt1-PgS3115-2,CREC-2016-05-24,2016-05-24,,SPEAKING,S,114,P000612,"Perdue, David",GA,R,"Perdue, David",Mr. PERDUE,David Perdue,David Alfred Perdue
CREC-2016-05-24-pt1-PgS3116-3,CREC-2016-05-24,2016-05-24,,SPEAKING,S,114,B001277,"Blumenthal, Richard",CT,D,"Blumenthal, Richard",Mr. BLUMENTHAL,Richard Blumenthal,
CREC-2016-05-24-pt1-PgS3116-4,CREC-2016-05-24,2016-05-24,,SPEAKING,S,114,B001277,"Blumenthal, Richard",CT,D,"Blumenthal, Richard",Mr. BLUMENTHAL,Richard Blumenthal,
CREC-2016-05-24-pt1-PgS3116-5,CREC-2016-05-24,2016-05-24,,SPEAKING,S,114,B001277,"Blumenthal, Richard",CT,D,"Blumenthal, Richard",Mr. BLUMENTHAL,Richard Blumenthal,
CREC-2016-05-24-pt1-PgS3116-7,CREC-2016-05-24,2016-05-24,,SPEAKING,S,114,B001277,"Blumenthal, Richard",CT,D,"Blumenthal, Richard",Mr. BLUMENTHAL,Richard Blumenthal,
CREC-2016-05-24-pt1-PgS3116-6,CREC-2016-05-24,2016-05-24,,SPEAKING,S,114,B001277,"Blumenthal, Richard",CT,D,"Blumenthal, Richard",Mr. BLUMENTHAL,Richard Blumenthal,
CREC-2016-05-24-pt1-PgS3117-2,CREC-2016-05-24,2016-05-24,,SPEAKING,S,114,M000303,"McCain, John",AZ,R,"McCain, John",Mr. McCAIN,John McCain,John Sidney McCain
CREC-2016-05-24-pt1-PgS3117,CREC-2016-05-24,2016-05-24,,SPEAKING,S,114,R000595,"Rubio, Marco",FL,R,"Rubio, Marco",Mr. RUBIO,Marco Rubio,
CREC-2016-05-24-pt1-PgS3117-3,CREC-2016-05-24,2016-05-24,,SPEAKING,S,114,G000562,"Gardner, Cory",CO,R,"Gardner, Cory",Mr. GARDNER,Cory Gardner,
CREC-2016-05-24-pt1-PgS3118-2,CREC-2016-05-24,2016-05-24,,SPEAKING,S,114,G000562,"Gardner, Cory",CO,R,"Gardner, Cory",Mr. GARDNER,Cory Gardner,
CREC-2016-05-24-pt1-PgS3118-3,CREC-2016-05-24,2016-05-24,,SPEAKING,S,114,G000562,"Gardner, Cory",CO,R,"Gardner, Cory",Mr. GARDNER,Cory Gardner,
CREC-2016-05-24-pt1-PgS3118,CREC-2016-05-24,2016-05-24,,SPEAKING,S,114,G000562,"Gardner, Cory",CO,R,"Gardner, Cory",Mr. GARDNER,Cory Gardner,
CREC-2016-05-24-pt1-PgS3118-4,CREC-2016-05-24,2016-05-24,,SPEAKING,S,114,M000303,"McCain, John",AZ,R,"McCain, John",Mr. McCAIN,John McCain,John Sidney McCain
CREC-2016-05-24-pt1-PgS3118-5,CREC-2016-05-24,2016-05-24,,SPEAKING,S,114,H001061,"Hoeven, John",ND,R,"Hoeven, John",Mr. HOEVEN,John Hoeven,
CREC-2016-05-24-pt1-PgS3119-2,CREC-2016-05-24,2016-05-24,,SPEAKING,S,114,H001061,"Hoeven, John",ND,R,"Hoeven, John",Mr. HOEVEN,John Hoeven,
CREC-2016-05-24-pt1-PgS3119,CREC-2016-05-24,2016-05-24,,SPEAKING,S,114,H001061,"Hoeven, John",ND,R,"Hoeven, John",Mr. HOEVEN,John Hoeven,
CREC-2016-05-24-pt1-PgS3119-3,CREC-2016-05-24,2016-05-24,,SPEAKING,S,114,H001061,"Hoeven, John",ND,R,"Hoeven, John",Mr. HOEVEN,John Hoeven,
CREC-2016-05-24-pt1-PgS3119-4,CREC-2016-05-24,2016-05-24,,SPEAKING,S,114,P000595,"Peters, Gary C.",MI,D,"Peters, Gary C.",Mr. PETERS,Gary C. Peters,Gary Peters
CREC-2016-05-24-pt1-PgS3120,CREC-2016-05-24,2016-05-24,,SPEAKING,S,114,M000133,"Markey, Edward J.",MA,D,"Markey, Edward J.",Mr. MARKEY,Edward J. Markey,Edward Markey
CREC-2016-05-24-pt1-PgS3120-2,CREC-2016-05-24,2016-05-24,,SPEAKING,S,114,D000618,"Daines, Steve",MT,R,"Daines, Steve",Mr. DAINES,Steve Daines,
CREC-2016-05-24-pt1-PgS3128,CREC-2016-05-24,2016-05-24,,SPEAKING,S,114,T000250,"Thune, John",SD,R,"Thune, John",Mr. THUNE,John Thune,
CREC-2016-05-24-pt1-PgS3120-3,CREC-2016-05-24,2016-05-24,,SPEAKING,S,114,C001071,"Corker, Bob",TN,R,"Corker, Bob",Mr. CORKER,Bob Corker,
CREC-2016-05-24-pt1-PgS3128-2,CREC-2016-05-24,2016-05-24,,SPEAKING,S,114,B001236,"Boozman, John",AR,R,"Boozman, John",Mr. BOOZMAN,John Boozman,
CREC-2016-05-24-pt1-PgS3128-3,CREC-2016-05-24,2016-05-24,,SPEAKING,S,114,M000355,"McConnell, Mitch",KY,R,"McConnell, Mitch",Mr. McCONNELL,Mitch McConnell,
CREC-2016-05-24-pt1-PgS3128-4,CREC-2016-05-24,2016-05-24,,SPEAKING,S,114,M000355,"McConnell, Mitch",KY,R,"McConnell, Mitch",Mr. McCONNELL,Mitch McConnell,
CREC-2016-05-24-pt1-PgS3128-5,CREC-2016-05-24,2016-05-24,,SPEAKING,S,114,M000355,"McConnell, Mitch",KY,R,"McConnell, Mitch",Mr. McCONNELL,Mitch McConnell,
CREC-2016-05-24-pt1-PgE773-2,CREC-2016-05-24,2016-05-17,,SPEAKING,H,114,P000608,"Peters, Scott H.",CA,D,"Peters, Scott H.",Mr. PETERS,Scott H. Peters,Scott Peters
CREC-2016-05-24-pt1-PgE773-3,CREC-2016-05-24,2016-05-17,,SPEAKING,H,114,B001245,"Bordallo, Madeleine Z.",GU,D,"Bordallo, Madeleine Z.",Ms. BORDALLO,Madeleine Z. Bordallo,Madeleine Bordallo
CREC-2016-05-24-pt1-PgE773-4,CREC-2016-05-24,2016-05-18,,SPEAKING,H,114,C001105,"Comstock, Barbara",VA,R,"Comstock, Barbara",Mrs. COMSTOCK,Barbara Comstock,
CREC-2016-05-24-pt1-PgE774,CREC-2016-05-24,2016-05-24,,SPEAKING,H,114,S001154,"Shuster, Bill",PA,R,"Shuster, Bill",Mr. SHUSTER,Bill Shuster,
CREC-2016-05-24-pt1-PgE774-2,CREC-2016-05-24,2016-05-24,,SPEAKING,H,114,R000395,"Rogers, Harold",KY,R,"Rogers, Harold",Mr. ROGERS of Kentucky,Harold Rogers,
CREC-2016-05-24-pt1-PgE774-3,CREC-2016-05-24,2016-05-24,,SPEAKING,H,114,P000593,"Perlmutter, Ed",CO,D,"Perlmutter, Ed",Mr. PERLMUTTER,Ed Perlmutter,
CREC-2016-05-24-pt1-PgE774-4,CREC-2016-05-24,2016-05-24,,SPEAKING,H,114,B001269,"Barletta, Lou",PA,R,"Barletta, Lou",Mr. BARLETTA,Lou Barletta,
CREC-2016-05-24-pt1-PgE774-5,CREC-2016-05-24,2016-05-24,,SPEAKING,H,114,K000188,"Kind, Ron",WI,D,"Kind, Ron",Mr. KIND,Ron Kind,
CREC-2016-05-24-pt1-PgE775,CREC-2016-05-24,2016-05-24,,SPEAKING,H,114,S001185,"Sewell, Terri A.",AL,D,"Sewell, Terri A.",Ms. SEWELL of Alabama,Terri A. Sewell,Terri Sewell
CREC-2016-05-24-pt1-PgE775-2,CREC-2016-05-24,2016-05-18,,SPEAKING,H,114,P000608,"Peters, Scott H.",CA,D,"Peters, Scott H.",Mr. PETERS,Scott H. Peters,Scott Peters
CREC-2016-05-24-pt1-PgE775-3,CREC-2016-05-24,2016-05-18,,SPEAKING,H,114,C001105,"Comstock, Barbara",VA,R,"Comstock, Barbara",Mrs. COMSTOCK,Barbara Comstock,
CREC-2016-05-24-pt1-PgE775-4,CREC-2016-05-24,2016-05-24,,SPEAKING,H,114,G000377,"Granger, Kay",TX,R,"Granger, Kay",Ms. GRANGER,Kay Granger,
CREC-2016-05-24-pt1-PgE776,CREC-2016-05-24,2016-05-24,,SPEAKING,H,114,P000593,"Perlmutter, Ed",CO,D,"Perlmutter, Ed",Mr. PERLMUTTER,Ed Perlmutter,
CREC-2016-05-24-pt1-PgE776-2,CREC-2016-05-24,2016-05-23,,SPEAKING,H,114,E000215,"Eshoo, Anna G.",CA,D,"Eshoo, Anna G.",Ms. ESHOO,Anna G. Eshoo,Anna Eshoo
CREC-2016-05-24-pt1-PgE776-3,CREC-2016-05-24,2016-05-24,,SPEAKING,H,114,B001297,"Buck, Ken",CO,R,"Buck, Ken",Mr. BUCK,Ken Buck,
CREC-2016-05-24-pt1-PgE776-4,CREC-2016-05-24,2016-05-24,,SPEAKING,H,114,D000619,"Davis, Rodney",IL,R,"Davis, Rodney",Mr. RODNEY DAVIS of Illinois,Rodney Davis,
CREC-2016-05-24-pt1-PgE776-5,CREC-2016-05-24,2016-05-24,,SPEAKING,H,114,H000636,"Hinojosa, Ruben",TX,D,"Hinojosa, Ruben",Mr. HINOJOSA,Ruben Hinojosa,
CREC-2016-05-24-pt1-PgE777,CREC-2016-05-24,2016-05-24,,SPEAKING,H,114,B001297,"Buck, Ken",CO,R,"Buck, Ken",Mr. BUCK,Ken Buck,
CREC-2016-05-24-pt1-PgE777-2,CREC-2016-05-24,2016-05-24,,SPEAKING,H,114,P000593,"Perlmutter, Ed",CO,D,"Perlmutter, Ed",Mr. PERLMUTTER,Ed Perlmutter,
CREC-2016-05-24-pt1-PgE777-3,CREC-2016-05-24,2016-05-24,,SPEAKING,H,114,G000535,"Gutierrez, Luis V.",IL,D,"Gutierrez, Luis V.",Mr. GUTIERREZ,Luis V. Gutierrez,Luis Gutierrez
CREC-2016-05-24-pt1-PgE777-4,CREC-2016-05-24,2016-05-24,,SPEAKING,H,114,H001060,"Hurt, Robert",VA,R,"Hurt, Robert",Mr. HURT of Virginia,Robert Hurt,
CREC-2016-05-24-pt1-PgE777-5,CREC-2016-05-24,2016-05-24,,SPEAKING,H,114,H001051,"Hanna, Richard L.",NY,R,"Hanna, Richard L.",Mr. HANNA,Richard L. Hanna,Richard Hanna
CREC-2016-05-24-pt1-PgE778,CREC-2016-05-24,2016-05-18,,SPEAKING,H,114,P000608,"Peters, Scott H.",CA,D,"Peters, Scott H.",Mr. PETERS,Scott H. Peters,Scott Peters
CREC-2016-05-24-pt1-PgE778-3,CREC-2016-05-24,2016-05-24,,SPEAKING,H,114,P000593,"Perlmutter, Ed",CO,D,"Perlmutter, Ed",Mr. PERLMUTTER,Ed Perlmutter,
CREC-2016-05-24-pt1-PgE778-5,CREC-2016-05-24,2016-05-24,,SPEAKING,H,114,G000377,"Granger, Kay",TX,R,"Granger, Kay",Ms. GRANGER,Kay Granger,
CREC-2016-05-24-pt1-PgE779,CREC-2016-05-24,2016-05-24,,SPEAKING,H,114,H000636,"Hinojosa, Ruben",TX,D,"Hinojosa, Ruben",Mr. HINOJOSA,Ruben Hinojosa,
CREC-2016-05-24-pt1-PgE779-2,CREC-2016-05-24,2016-05-24,,SPEAKING,H,114,H001057,"Huelskamp, Tim",KS,R,"Huelskamp, Tim",Mr. HUELSKAMP,Tim Huelskamp,
CREC-2016-05-24-pt1-PgE778-4,CREC-2016-05-24,2016-05-24,,SPEAKING,H,114,M001163,"Matsui, Doris O.",CA,D,"Matsui, Doris O.",Ms. MATSUI,Doris O. Matsui,Doris Matsui
CREC-2016-05-24-pt1-PgE778-2,CREC-2016-05-24,2016-05-24,,SPEAKING,H,114,O000170,"O'Rourke, Beto",TX,D,"O'Rourke, Beto",Mr. O'ROURKE,Beto O'Rourke,
CREC-2016-05-24-pt1-PgE779-3,CREC-2016-05-24,2016-05-24,,SPEAKING,H,114,P000593,"Perlmutter, Ed",CO,D,"Perlmutter, Ed",Mr. PERLMUTTER,Ed Perlmutter,
CREC-2016-05-24-pt1-PgE779-4,CREC-2016-05-24,2016-05-24,,SPEAKING,H,114,M001158,"Marchant, Kenny",TX,R,"Marchant, Kenny",Mr. MARCHANT,Kenny Marchant,
CREC-2016-05-24-pt1-PgE779-5,CREC-2016-05-24,2016-05-24,,SPEAKING,H,114,D000624,"Dingell, Debbie",MI,D,"Dingell, Debbie",Mrs. DINGELL,Debbie Dingell,
CREC-2016-05-24-pt1-PgE779-6,CREC-2016-05-24,2016-05-24,,SPEAKING,H,114,B001227,"Brady, Robert A.",PA,D,"Brady, Robert A.",Mr. BRADY of Pennsylvania,Robert A. Brady,Robert Brady
CREC-2016-05-24-pt1-PgE780,CREC-2016-05-24,2016-05-24,,SPEAKING,H,114,P000593,"Perlmutter, Ed",CO,D,"Perlmutter, Ed",Mr. PERLMUTTER,Ed Perlmutter,
CREC-2016-05-24-pt1-PgE780-2,CREC-2016-05-24,2016-05-24,,SPEAKING,H,114,S001193,"Swalwell, Eric",CA,D,"Swalwell, Eric",Mr. SWALWELL of California,Eric Swalwell,
CREC-2016-05-24-pt1-PgE780-3,CREC-2016-05-24,2016-05-24,,SPEAKING,H,114,D000622,"Duckworth, Tammy",IL,D,"Duckworth, Tammy",Ms. DUCKWORTH,Tammy Duckworth,
CREC-2016-05-24-pt1-PgE780-4,CREC-2016-05-24,2016-05-24,,SPEAKING,H,114,G000553,"Green, Al",TX,D,"Green, Al",Mr. AL GREEN of Texas,Al Green,
CREC-2016-05-24-pt1-PgE781,CREC-2016-05-24,2016-05-24,,SPEAKING,H,114,P000593,"Perlmutter, Ed",CO,D,"Perlmutter, Ed",Mr. PERLMUTTER,Ed Perlmutter,
CREC-2016-05-24-pt1-PgE781-2,CREC-2016-05-24,2016-05-24,,SPEAKING,H,114,S001191,"Sinema, Kyrsten",AZ,D,"Sinema, Kyrsten",Ms. SINEMA,Kyrsten Sinema,
CREC-2016-05-24-pt1-PgE781-4,CREC-2016-05-24,2016-05-24,,SPEAKING,H,114,C000537,"Clyburn, James E.",SC,D,"Clyburn, James E.",Mr. CLYBURN,James E. Clyburn,James Clyburn
CREC-2016-05-24-pt1-PgE781-3,CREC-2016-05-24,2016-05-24,,SPEAKING,H,114,C001077,"Coffman, Mike",CO,R,"Coffman, Mike",Mr. COFFMAN,Mike Coffman,
CREC-2016-05-24-pt1-PgE781-5,CREC-2016-05-24,2016-05-24,,SPEAKING,H,114,P000593,"Perlmutter, Ed",CO,D,"Perlmutter, Ed",Mr. PERLMUTTER,Ed Perlmutter,
CREC-2016-05-24-pt1-PgE781-6,CREC-2016-05-24,2016-05-24,,SPEAKING,H,114,M001181,"Meehan, Patrick",PA,R,"Meehan, Patrick",Mr. MEEHAN,Patrick Meehan,
CREC-2016-05-24-pt1-PgE782-2,CREC-2016-05-24,2016-05-24,,SPEAKING,H,114,C001078,"Connolly, Gerald E.",VA,D,"Connolly, Gerald E.",Mr. CONNOLLY,Gerald E. Connolly,Gerald Connolly
CREC-2016-05-24-pt1-PgE782,CREC-2016-05-24,2016-05-24,,SPEAKING,H,114,P000605,"Perry, Scott",PA,R,"Perry, Scott",Mr. PERRY,Scott Perry,
CREC-2016-05-24-pt1-PgE782-4,CREC-2016-05-24,2016-05-24,,SPEAKING,H,114,P000593,"Perlmutter, Ed",CO,D,"Perlmutter, Ed",Mr. PERLMUTTER,Ed Perlmutter,
CREC-2016-05-24-pt1-PgE782-5,CREC-2016-05-24,2016-05-24,,SPEAKING,H,114,P000592,"Poe, Ted",TX,R,"Poe, Ted",Mr. POE of Texas,Ted Poe,
CREC-2016-05-24-pt1-PgE782-3,CREC-2016-05-24,2016-05-24,,SPEAKING,H,114,C001053,"Cole, Tom",OK,R,"Cole, Tom",Mr. COLE,Tom Cole,
CREC-2016-05-24-pt1-PgE783,CREC-2016-05-24,2016-05-24,,SPEAKING,H,114,C001038,"Crowley, Joseph",NY,D,"Crowley, Joseph",Mr. CROWLEY,Joseph Crowley,
CREC-2016-05-24-pt1-PgE783-2,CREC-2016-05-24,2016-05-24,,SPEAKING,H,114,W000795,"Wilson, Joe",SC,R,"Wilson, Joe",Mr. WILSON of South Carolina,Joe Wilson,
CREC-2016-05-24-pt1-PgE783-3,CREC-2016-05-24,2016-05-24,,SPEAKING,H,114,B001281,"Beatty, Joyce",OH,D,"Beatty, Joyce",Mrs. BEATTY,Joyce Beatty,
CREC-2016-05-24-pt1-PgE783-4,CREC-2016-05-24,2016-05-24,,SPEAKING,H,114,P000593,"Perlmutter, Ed",CO,D,"Perlmutter, Ed",Mr. PERLMUTTER,Ed Perlmutter,
CREC-2016-05-24-pt1-PgE784,CREC-2016-05-24,2016-05-24,,SPEAKING,H,114,C001107,"Curbelo, Carlos",FL,R,"Curbelo, Carlos",Mr. CURBELO of Florida,Carlos Curbelo,
CREC-2016-05-24-pt1-PgE783-5,CREC-2016-05-24,2016-05-24,,SPEAKING,H,114,O000168,"Olson, Pete",TX,R,"Olson, Pete",Mr. OLSON,Pete Olson,
CREC-2016-05-24-pt1-PgE784-2,CREC-2016-05-24,2016-05-24,,SPEAKING,H,114,O000168,"Olson, Pete",TX,R,"Olson, Pete",Mr. OLSON,Pete Olson,
CREC-2016-05-24-pt1-PgD570,CREC-2016-05-24,2016-05-24,,,,,,,,,,,,
CREC-2016-05-24-pt1-PgD571,CREC-2016-05-24,2016-05-24,,,,,,,,,,,,
CREC-2016-05-24-pt1-PgD574,CREC-2016-05-24,2016-05-24,,,,,,,,,,,,
CREC-2016-05-24-pt1-PgD572,CREC-2016-05-24,2016-05-24,,,,,,,,,,,,
CREC-2016-05-24-pt1-PgD577,CREC-2016-05-24,2016-05-24,,,,,,,,,,,,
CREC-2016-05-24-pt1-PgD578,CREC-2016-05-24,2016-05-24,,,,,,,,,,,,
CREC-2016-05-24-pt1-PgD579,CREC-2016-05-24,2016-05-24,,,,,,,,,,,,
